0,0.6999999999999998,0.9647058823529411
0,0.7222222222222222,0.919607843137255
0,0.8703703703703702,0.9098039215686274
0,0.7569444444444445,0.9254901960784314
0,0.729166666666667,0.9333333333333333
0,0.21875000000000014,0.9372549019607843
0,0.3888888888888887,0.892156862745098
0,0.5,0.9509803921568627
0,0.6884057971014492,0.9470588235294117
0,0.8000000000000002,0.9235294117647059
0,0.7954545454545455,0.9333333333333333
0,0.8777777777777777,0.9470588235294117
0,0.07843137254901962,0.907843137254902
0,0.15555555555555559,0.9392156862745098
0,0.1722222222222222,0.9333333333333333
0,0.65625,0.9254901960784314
0,0.055555555555555636,0.9411764705882353
0,0.8472222222222222,0.8901960784313725
0,0.2873563218390805,0.9313725490196079
0,0.21111111111111094,0.9196078431372549
0,0.21527777777777782,0.9215686274509804
0,0.009259259259259226,0.9294117647058824
0,0.59375,0.9058823529411765
0,0.0,0.8980392156862744
0,0.4411764705882352,0.9333333333333333
0,0.6527777777777778,0.8901960784313725
0,0.7380952380952378,0.9745098039215687
0,0.8589743589743593,0.903921568627451
0,0.8333333333333334,0.9784313725490196
0,0.6904761904761904,0.8803921568627451
0,0.16666666666666666,0.9333333333333333
0,0.8771929824561404,0.9313725490196079
0,0.9901960784313724,0.9549019607843137
0,0.22222222222222174,0.9862745098039216
0,0.8921568627450981,0.9333333333333333
0,0.5128205128205128,0.9274509803921569
0,0.015873015873015817,0.919607843137255
0,0.2803030303030303,0.9215686274509804
0,0.6999999999999998,0.9274509803921569
0,0.6494252873563219,0.9274509803921569
0,0.36904761904761924,0.9725490196078431
0,0.9777777777777779,0.9313725490196079
0,0.5925925925925927,0.915686274509804
0,0.24193548387096775,0.9392156862745098
0,0.7592592592592595,0.896078431372549
0,0.19444444444444456,0.9215686274509804
0,0.06060606060606059,0.9294117647058824
0,0.8000000000000002,0.907843137254902
0,0.7333333333333334,0.8725490196078431
0,0.8505747126436782,0.9352941176470588
0,0.6842105263157897,0.9549019607843137
0,0.25925925925925924,0.9058823529411765
0,0.310344827586207,0.9235294117647059
0,0.2333333333333334,0.8960784313725491
0,0.5399999999999999,0.9352941176470588
0,0.9583333333333336,0.9568627450980391
0,0.3333333333333333,0.9215686274509804
0,0.893939393939394,0.9666666666666667
0,0.0,0.915686274509804
0,0.25925925925925924,0.9352941176470588
0,0.15686274509803924,0.9274509803921569
0,0.625,0.8784313725490196
0,0.324561403508772,0.9627450980392157
0,0.48387096774193544,0.9313725490196079
0,0.6666666666666666,0.9784313725490196
0,0.8174603174603176,0.9392156862745098
0,0.34920634920634913,0.9235294117647059
0,0.8222222222222223,0.9313725490196079
0,0.5833333333333335,0.9215686274509804
0,0.0,0.9431372549019608
0,0.7536231884057972,0.9274509803921569
0,0.2962962962962961,0.9176470588235294
0,0.22222222222222224,0.8803921568627451
0,0.42753623188405804,0.9235294117647059
0,0.24999999999999986,0.8941176470588235
0,0.2999999999999998,0.9196078431372549
0,0.37037037037037024,0.919607843137255
0,0.0,0.9352941176470588
0,0.27777777777777773,0.9117647058823529
0,0.4166666666666667,0.8705882352941177
0,0.48666666666666675,0.9352941176470588
0,0.7135416666666666,0.9372549019607843
0,0.15277777777777782,0.9176470588235295
0,0.3645833333333333,0.9372549019607843
0,0.12500000000000014,0.9333333333333333
0,0.7083333333333338,0.9058823529411764
0,0.4761904761904761,0.9333333333333333
0,0.6805555555555555,0.8941176470588235
0,0.6888888888888888,0.9666666666666667
0,0.7816091954022988,0.9235294117647059
0,0.9666666666666668,0.9235294117647059
0,0.6969696969696971,0.9254901960784314
0,0.777777777777778,0.8980392156862744
0,0.3866666666666667,0.9235294117647059
0,0.7708333333333334,0.9372549019607843
0,0.6481481481481483,0.911764705882353
0,0.9607843137254903,0.903921568627451
0,0.6111111111111113,0.9627450980392157
0,0.8181818181818182,0.9549019607843137
0,0.4824561403508772,0.9470588235294117
0,0.5277777777777777,0.9098039215686274
0,0.3611111111111112,0.9294117647058824
0,0.8666666666666666,0.9803921568627452
0,0.3277777777777778,0.9215686274509804
0,0.8933333333333333,0.9470588235294117
0,0.02380952380952439,0.9666666666666666
0,0.7692307692307693,0.896078431372549
0,0.12179487179487176,0.9450980392156862
0,0.45555555555555555,0.9294117647058824
0,0.7619047619047619,0.9372549019607843
0,0.9166666666666663,0.9019607843137254
0,0.6410256410256411,0.9235294117647059
0,0.16666666666666666,0.9470588235294117
0,0.08333333333333333,0.8980392156862745
0,0.85,0.9215686274509804
0,0.09848484848484855,0.9568627450980391
0,0.10526315789473678,0.907843137254902
0,0.7738095238095238,0.9176470588235295
0,0.6987179487179486,0.9215686274509804
0,0.7777777777777777,0.9058823529411765
0,0.6555555555555556,0.907843137254902
0,0.20833333333333318,0.9372549019607843
0,0.6363636363636364,0.9235294117647059
0,0.2121212121212123,0.9392156862745098
0,0.2536231884057972,0.911764705882353
0,0.41666666666666646,0.9490196078431372
0,0.09876543209876547,0.9235294117647059
0,0.7528735632183907,0.919607843137255
0,0.3181818181818182,0.9058823529411765
0,0.40740740740740716,0.9509803921568627
0,0.012820512820512794,0.9509803921568627
0,0.638888888888889,0.9607843137254901
0,0.3854166666666668,0.9490196078431372
0,0.576923076923077,0.9313725490196079
0,0.39285714285714274,0.9568627450980391
0,0.14814814814814822,0.896078431372549
0,0.043859649122807064,0.9274509803921569
0,0.5333333333333333,0.9254901960784314
0,0.2533333333333334,0.9235294117647059
0,0.2000000000000001,0.9470588235294117
0,0.4848484848484847,0.9137254901960785
0,0.0357142857142859,0.9098039215686274
0,0.6296296296296298,0.9588235294117646
0,0.7380952380952381,0.8980392156862745
0,0.2564102564102564,0.907843137254902
0,0.287878787878788,0.892156862745098
0,0.08854166666666664,0.9372549019607843
0,0.3499999999999999,0.9294117647058824
0,0.020833333333333554,0.9176470588235294
0,0.6354166666666669,0.9568627450980393
0,0.7727272727272729,0.892156862745098
0,0.16666666666666666,0.9450980392156862
0,0.6282051282051283,0.9509803921568627
0,0.38194444444444425,0.9411764705882353
0,0.8777777777777777,0.9549019607843137
0,0.6400000000000001,0.9509803921568627
0,0.0,0.919607843137255
0,0.6527777777777777,0.9333333333333333
0,0.7142857142857143,0.9411764705882353
0,0.4375,0.9490196078431372
0,0.9565217391304349,0.911764705882353
0,0.6666666666666666,0.9098039215686275
0,0.4761904761904763,0.915686274509804
0,0.65,0.9490196078431372
0,0.6666666666666666,0.9254901960784314
0,0.3840579710144926,0.9392156862745098
0,0.6052631578947368,0.9549019607843137
0,0.13333333333333344,0.9352941176470588
0,0.055555555555555435,0.9568627450980391
0,0.7807017543859649,0.9509803921568627
0,0.7564102564102564,0.9
0,0.6304347826086957,0.9509803921568627
0,0.22727272727272738,0.9098039215686274
0,0.5416666666666669,0.9607843137254902
0,0.12121212121212122,0.9352941176470588
0,0.1269841269841271,0.9352941176470588
0,0.24000000000000013,0.911764705882353
0,0.6555555555555556,0.9235294117647059
0,0.318840579710145,0.915686274509804
0,0.5208333333333335,0.9490196078431372
0,0.8999999999999998,0.9333333333333333
0,0.9871794871794872,0.9431372549019608
0,0.42105263157894735,0.9392156862745098
0,0.9666666666666667,0.9294117647058824
0,0.0964912280701754,0.9
0,0.35937499999999994,0.9333333333333333
0,0.12068965517241377,0.919607843137255
0,0.8611111111111109,0.9490196078431372
0,0.0,0.9235294117647059
0,0.09259259259259256,0.9392156862745098
0,0.1818181818181818,0.915686274509804
0,0.37037037037037024,0.9098039215686274
0,0.14102564102564108,0.888235294117647
0,0.3066666666666668,0.9235294117647059
0,0.08641975308641985,0.9313725490196079
0,0.5987654320987654,0.9392156862745098
0,0.8787878787878787,0.9411764705882353
0,0.543859649122807,0.9509803921568627
0,0.2530864197530864,0.9313725490196079
0,0.11904761904761914,0.9568627450980391
0,0.04597701149425285,0.9431372549019608
0,0.2500000000000003,0.9490196078431372
0,0.02222222222222218,0.9235294117647059
0,0.020833333333333464,0.9372549019607843
0,0.45614035087719285,0.9
0,0.12318840579710161,0.9352941176470588
0,0.9841269841269842,0.9549019607843137
0,0.050505050505050476,0.9352941176470588
0,0.6875,0.9450980392156862
0,0.7777777777777777,0.9333333333333333
0,0.16666666666666666,0.9352941176470588
0,0.2647058823529411,0.9666666666666667
0,0.6666666666666666,0.915686274509804
0,0.23611111111111094,0.9254901960784314
0,0.972222222222222,0.9411764705882353
0,0.8666666666666665,0.9588235294117646
0,0.26388888888888906,0.9176470588235295
0,0.5614035087719299,0.9
0,0.009803921568627416,0.9156862745098039
0,0.24444444444444446,0.9509803921568627
0,0.5357142857142856,0.9137254901960784
0,0.5,0.8999999999999999
0,0.23076923076923075,0.9215686274509804
0,0.36363636363636376,0.9254901960784314
0,0.6818181818181818,0.915686274509804
0,0.9901960784313726,0.8960784313725491
0,0.5166666666666666,0.9607843137254901
0,0.10000000000000003,0.9470588235294117
0,0.9871794871794872,0.9745098039215686
0,0.09523809523809539,0.9529411764705882
0,0.6071428571428571,0.9450980392156862
0,0.7564102564102564,0.9411764705882353
0,0.1805555555555555,0.9294117647058824
0,0.8392857142857143,0.9176470588235295
0,0.7500000000000001,0.9254901960784314
0,0.3333333333333333,0.9
0,0.6,0.9058823529411765
0,0.1041666666666667,0.9215686274509804
0,0.9242424242424242,0.9705882352941176
0,0.649122807017544,0.9627450980392157
0,0.5500000000000002,0.9411764705882353
0,0.13580246913580243,0.9431372549019608
0,0.45679012345679015,0.9392156862745098
0,0.9195402298850575,0.9431372549019608
0,0.5925925925925929,0.9431372549019608
0,0.25000000000000017,0.9215686274509804
0,0.08333333333333215,0.9529411764705882
0,0.8833333333333332,0.9098039215686274
0,0.21604938271604937,0.9235294117647059
0,0.8823529411764707,0.9
0,0.7777777777777778,0.9215686274509804
0,0.7023809523809522,0.9215686274509804
0,0.6444444444444443,0.9196078431372549
0,0.29710144927536225,0.9509803921568627
0,0.8787878787878788,0.9450980392156862
0,0.4259259259259259,0.9490196078431372
0,0.7803030303030304,0.9098039215686274
0,0.5591397849462366,0.9352941176470588
0,0.027777777777777773,0.9372549019607843
0,0.5370370370370369,0.9176470588235294
0,0.6923076923076922,0.9313725490196079
0,0.48148148148148157,0.9333333333333333
0,0.23148148148148126,0.9176470588235294
0,0.5833333333333334,0.9568627450980393
0,0.2777777777777777,0.9156862745098039
0,0.7916666666666666,0.9725490196078431
0,0.1984126984126985,0.9588235294117646
0,0.8947368421052629,0.9156862745098039
0,0.9166666666666667,0.9450980392156862
0,0.20833333333333318,0.9333333333333333
0,0.22916666666666705,0.8823529411764706
0,0.16666666666666666,0.9705882352941176
0,0.4583333333333334,0.8980392156862744
0,0.005952380952380931,0.9176470588235295
0,0.9074074074074072,0.8999999999999999
0,0.42857142857142855,0.8980392156862745
0,0.03623188405797092,0.9392156862745098
0,0.27999999999999997,0.9313725490196079
0,0.6052631578947367,0.907843137254902
0,0.21428571428571427,0.907843137254902
0,0.24074074074074078,0.9450980392156862
0,0.3333333333333333,0.9450980392156862
0,0.6888888888888888,0.9666666666666667
0,0.6666666666666666,0.9274509803921569
0,0.15909090909090912,0.9176470588235295
0,0.3333333333333333,0.8666666666666667
0,0.5059523809523809,0.9254901960784314
0,0.1547619047619048,0.9137254901960784
0,0.5595238095238093,0.9490196078431372
0,0.30303030303030276,0.907843137254902
0,0.04166666666666652,0.9725490196078432
0,0.8799999999999999,0.9352941176470588
0,0.6666666666666666,0.9098039215686274
0,0.5208333333333334,0.9490196078431372
0,0.34313725490196073,0.9431372549019608
0,0.6666666666666666,0.9666666666666666
0,0.17857142857142852,0.9450980392156862
0,0.4523809523809525,0.9254901960784314
0,0.7126436781609194,0.9392156862745098
0,0.14705882352941183,0.9392156862745098
0,0.4722222222222223,0.9294117647058824
0,0.42063492063492075,0.9549019607843137
0,0.15151515151515155,0.915686274509804
0,0.47916666666666674,0.9647058823529411
0,0.3434343434343434,0.9313725490196079
0,0.20370370370370358,0.8999999999999999
0,0.05999999999999998,0.9431372549019608
0,0.8015873015873015,0.919607843137255
0,0.7916666666666669,0.8980392156862744
0,0.059523809523809514,0.9294117647058824
0,0.4898989898989899,0.9352941176470588
0,0.7499999999999996,0.9843137254901961
0,0.7539682539682541,0.9588235294117646
0,0.9933333333333334,0.9431372549019608
0,0.3666666666666667,0.9745098039215686
0,0.5238095238095238,0.9549019607843137
0,0.20175438596491238,0.9235294117647059
0,0.4047619047619048,0.9411764705882353
0,0.2083333333333334,0.9098039215686275
0,0.7600000000000001,0.9313725490196079
0,0.7971014492753623,0.9470588235294117
0,0.576923076923077,0.9392156862745098
0,0.6266666666666668,0.911764705882353
0,0.3333333333333333,0.9254901960784314
0,0.1811594202898552,0.915686274509804
0,0.32222222222222224,0.9549019607843137
0,0.7944444444444444,0.9215686274509804
0,0.7142857142857143,0.9215686274509804
0,0.09722222222222215,0.9411764705882353
0,0.2839506172839506,0.915686274509804
0,0.07692307692307704,0.9333333333333333
0,0.9782608695652175,0.915686274509804
0,0.6969696969696969,0.9274509803921569
0,0.9666666666666659,0.9627450980392156
0,0.0,0.9352941176470588
0,0.16666666666666666,0.9313725490196079
0,0.38505747126436773,0.9392156862745098
0,0.6916666666666665,0.9137254901960784
0,0.6190476190476186,0.8999999999999999
0,0.587719298245614,0.903921568627451
0,0.2626262626262627,0.9313725490196079
0,0.5416666666666666,0.9450980392156862
0,0.4583333333333332,0.9019607843137255
0,0.9901960784313726,0.9392156862745098
0,0.6,0.9509803921568627
0,0.031746031746031654,0.9431372549019608
0,0.4652777777777779,0.9372549019607843
0,0.5,0.9352941176470588
0,0.9222222222222222,0.9705882352941176
0,0.9393939393939391,0.9627450980392156
0,0.9509803921568629,0.8960784313725491
0,0.08333333333333333,0.9098039215686274
0,0.3333333333333333,0.9058823529411764
0,0.6060606060606061,0.9215686274509804
0,0.24305555555555566,0.9098039215686275
0,0.4166666666666667,0.9411764705882353
0,0.37999999999999984,0.9431372549019608
0,0.4621212121212122,0.9098039215686274
0,0.8166666666666668,0.8901960784313725
0,0.5714285714285715,0.9607843137254902
0,0.7592592592592592,0.9431372549019608
0,0.9545454545454545,0.9333333333333333
0,0.3000000000000001,0.9215686274509804
0,0.16666666666666666,0.9313725490196079
0,0.6578947368421053,0.9392156862745098
0,0.0,0.9450980392156862
0,0.604166666666667,0.9176470588235295
0,0.7559523809523809,0.9333333333333333
0,0.7424242424242425,0.9294117647058824
0,0.05555555555555591,0.9666666666666666
0,0.0,0.9372549019607843
0,0.845679012345679,0.9313725490196079
0,0.36666666666666653,0.9666666666666667
0,0.06944444444444452,0.9372549019607843
0,0.2416666666666667,0.9098039215686274
0,0.17816091954022983,0.9235294117647059
0,0.10185185185185179,0.9294117647058824
0,0.388888888888889,0.9352941176470588
0,0.3580246913580248,0.9313725490196079
0,0.019607843137254832,0.9352941176470588
0,0.15151515151515155,0.9372549019607843
0,0.4583333333333332,0.9568627450980393
0,0.015873015873015817,0.915686274509804
0,0.7083333333333335,0.9411764705882353
0,0.90625,0.9254901960784314
0,0.28888888888888903,0.9627450980392157
0,0.9222222222222224,0.892156862745098
0,0.26923076923076916,0.9411764705882353
0,0.13095238095238093,0.9333333333333333
0,0.3333333333333333,0.907843137254902
0,0.3933333333333333,0.9509803921568627
0,0.9509803921568626,0.9509803921568627
0,0.9800000000000001,0.919607843137255
0,0.16666666666666666,0.9705882352941176
0,0.6140350877192984,0.9627450980392157
0,0.47916666666666674,0.9098039215686274
0,0.8623188405797101,0.907843137254902
0,0.10869565217391304,0.9352941176470588
0,0.08928571428571426,0.9450980392156862
0,0.6041666666666666,0.9490196078431372
1,0.8872180451127819,0.3352941176470588
1,0.9186046511627908,0.5823529411764706
1,0.9603174603174603,0.15294117647058825
1,0.9944444444444445,0.6274509803921569
1,0.9607843137254902,0.2980392156862745
1,0.963768115942029,0.38823529411764707
1,0.9861111111111112,0.2823529411764706
1,0.875609756097561,0.44509803921568625
1,0.958041958041958,0.30000000000000004
1,0.9567901234567902,0.5882352941176471
1,0.9826388888888888,0.5137254901960784
1,0.047413793103448267,0.47450980392156866
1,0.8881481481481481,0.4490196078431372
1,0.07121212121212123,0.2392156862745098
1,0.03079710144927537,0.5647058823529412
1,0.9078674948240165,0.41764705882352937
1,0.9218106995884774,0.596078431372549
1,0.925531914893617,0.45490196078431366
1,0.9468390804597702,0.3764705882352941
1,0.9174174174174174,0.5450980392156862
1,0.9957264957264957,0.3137254901960784
1,0.9546666666666667,0.27647058823529413
1,0.9708333333333333,0.4431372549019608
1,0.8474025974025974,0.4392156862745098
1,0.9807256235827664,0.5235294117647059
1,0.962287104622871,0.3627450980392157
1,0.03837719298245614,0.4196078431372549
1,0.056321839080459755,0.42156862745098045
1,0.929718875502008,0.28431372549019607
1,0.9917491749174917,0.3941176470588235
1,0.9588235294117647,0.43333333333333335
1,0.01594202898550723,0.3431372549019608
1,0.0261780104712042,0.5705882352941176
1,0.9318658280922432,0.6254901960784314
1,0.9121212121212121,0.13137254901960785
1,0.9086021505376344,0.38235294117647056
1,0.891025641025641,0.3333333333333333
1,0.044546850998463915,0.4372549019607843
1,0.9432029795158287,0.35490196078431374
1,0.9773809523809524,0.4745098039215686
1,0.9862637362637363,0.5372549019607843
1,0.9795501022494888,0.5745098039215686
1,0.9273504273504274,0.16862745098039217
1,0.9551820728291316,0.24901960784313726
1,0.0064102564102563875,0.2431372549019608
1,0.9746588693957114,0.5392156862745098
1,0.8607594936708861,0.3647058823529412
1,0.8802083333333334,0.4627450980392157
1,0.9138257575757576,0.5725490196078431
1,0.010014306151645206,0.5313725490196078
1,0.9952718676122931,0.39803921568627454
1,0.9714611872146118,0.3647058823529412
1,0.9059139784946236,0.5137254901960784
1,0.8848631239935588,0.4294117647058824
1,0.872072072072072,0.492156862745098
1,0.9658119658119658,0.39019607843137255
1,0.9827586206896551,0.5019607843137255
1,0.8680555555555556,0.3058823529411765
1,0.956140350877193,0.5549019607843138
1,0.9799679487179487,0.4862745098039216
1,0.8973727422003284,0.44901960784313727
1,0.9888392857142857,0.44313725490196076
1,0.9214285714285714,0.5372549019607843
1,0.011037527593818985,0.3823529411764706
1,0.9371584699453552,0.2803921568627451
1,0.9371584699453552,0.4098039215686275
1,0.9434865900383141,0.580392156862745
1,0.8538812785388128,0.29411764705882354
1,0.954337899543379,0.5215686274509804
1,0.007042253521126769,0.15490196078431373
1,0.011363636363636373,0.4784313725490196
1,0.9456521739130435,0.46274509803921565
1,0.008905852417302795,0.49607843137254903
1,0.03663003663003663,0.4549019607843137
1,0.01414141414141414,0.3509803921568628
1,0.9640718562874251,0.4333333333333333
1,0.011904761904761899,0.5764705882352942
1,0.9492753623188406,0.3686274509803921
1,0.9769797421731123,0.6058823529411765
1,0.016891891891891903,0.3137254901960784
1,0.03529411764705883,0.4392156862745098
1,0.95042194092827,0.49411764705882355
1,0.9804381846635368,0.5117647058823529
1,0.8830022075055187,0.3352941176470588
1,0.9101654846335697,0.307843137254902
1,0.9514492753623188,0.5019607843137255
1,0.8867521367521367,0.16470588235294117
1,0.962962962962963,0.3235294117647059
1,0.9340866290018832,0.5549019607843138
1,0.03541666666666665,0.21176470588235297
1,0.9402697495183044,0.43333333333333335
1,0.018828451882845192,0.5117647058823529
1,0.8950276243093923,0.39019607843137255
1,0.9386446886446886,0.4588235294117647
1,0.9192439862542956,0.607843137254902
1,0.8706140350877193,0.22745098039215686
1,0.9931412894375857,0.515686274509804
1,0.8847352024922118,0.27254901960784317
1,0.9530651340996169,0.6470588235294118
1,0.9939236111111112,0.5137254901960784
1,0.9132231404958677,0.5137254901960785
1,0.009732360097323608,0.3235294117647059
1,0.9852507374631269,0.4980392156862745
1,0.9444444444444444,0.39803921568627454
1,0.8863049095607235,0.28431372549019607
1,0.8943452380952381,0.34901960784313724
1,0.8867924528301887,0.3784313725490196
1,0.9476190476190476,0.4372549019607843
1,0.9417249417249417,0.5705882352941176
1,0.9447731755424064,0.5705882352941176
1,0.005426356589147289,0.5274509803921569
1,0.008982035928143709,0.5352941176470588
1,0.9190672153635117,0.511764705882353
1,0.016574585635359112,0.49215686274509807
1,0.9248366013071896,0.5490196078431372
1,0.03559870550161812,0.4745098039215686
1,0.909297052154195,0.3862745098039216
1,0.9627831715210355,0.4901960784313726
1,0.9040404040404041,0.21568627450980393
1,0.9003267973856209,0.25098039215686274
1,0.9377777777777778,0.5098039215686274
1,0.9504761904761905,0.5117647058823529
1,0.8992248062015504,0.38823529411764707
1,0.9479905437352246,0.39019607843137255
1,0.005112474437627819,0.4215686274509804
1,0.8943089430894309,0.25098039215686274
1,0.01633986928104575,0.5274509803921569
1,0.9208103130755064,0.503921568627451
1,0.005813953488372103,0.4980392156862745
1,0.9845474613686535,0.3431372549019608
1,0.924812030075188,0.3235294117647059
1,0.960952380952381,0.40588235294117647
1,0.9356884057971014,0.4666666666666666
1,0.01992753623188409,0.34509803921568627
1,0.9798657718120806,0.5823529411764706
1,0.9957805907172996,0.5117647058823529
1,0.02588996763754046,0.29215686274509806
1,0.031746031746031744,0.27254901960784317
1,0.04778554778554778,0.3666666666666667
1,0.9403508771929825,0.29215686274509806
1,0.9795081967213115,0.2627450980392157
1,0.9682539682539683,0.615686274509804
1,0.9110486891385767,0.45098039215686275
1,0.9096573208722741,0.45098039215686275
1,0.9608433734939759,0.49411764705882355
1,0.9852713178294574,0.4372549019607843
1,0.9731543624161074,0.4803921568627451
1,0.9391727493917275,0.503921568627451
1,0.9692982456140351,0.6627450980392157
1,0.9692460317460317,0.5411764705882353
1,0.9788053949903661,0.4647058823529412
1,0.975103734439834,0.5078431372549019
1,0.951058201058201,0.5529411764705883
1,0.964516129032258,0.5196078431372548
1,0.01767676767676768,0.4117647058823529
1,0.9628099173553719,0.33921568627450976
1,0.9603174603174603,0.5117647058823529
1,0.9706867671691792,0.5117647058823529
1,0.930952380952381,0.33725490196078434
1,0.010840108401084014,0.3941176470588235
1,0.04552845528455285,0.4294117647058824
1,0.9862542955326461,0.47058823529411764
1,0.9666666666666667,0.5862745098039216
1,0.03191489361702127,0.5196078431372548
1,0.04693877551020409,0.48823529411764705
1,0.008333333333333323,0.28627450980392155
1,0.9810606060606061,0.5607843137254902
1,0.9502688172043011,0.5490196078431373
1,0.9736842105263158,0.3509803921568628
1,0.9567430025445293,0.6137254901960785
1,0.9578189300411523,0.5411764705882353
1,0.9681159420289855,0.4019607843137255
1,0.8909657320872274,0.4392156862745098
1,0.9515765765765766,0.5725490196078431
1,0.9173669467787116,0.4901960784313726
1,0.9412997903563941,0.4294117647058824
1,0.057046979865771806,0.4215686274509804
1,0.05303030303030304,0.45098039215686275
1,0.060185185185185196,0.38823529411764707
1,0.9839357429718876,0.27254901960784317
1,0.9090909090909091,0.39803921568627454
1,0.9781609195402299,0.4764705882352941
1,0.9636209813874789,0.5666666666666667
1,0.9884259259259259,0.6352941176470588
1,0.9772727272727273,0.3137254901960784
1,0.005494505494505475,0.6196078431372549
1,0.939117199391172,0.5470588235294117
1,0.9733333333333334,0.2803921568627451
1,0.8975791433891993,0.3666666666666667
1,0.9564489112227805,0.4803921568627451
1,0.003875968992248069,0.5274509803921569
1,0.04634146341463417,0.41764705882352937
1,0.005608974358974357,0.5882352941176471
1,0.9392935982339956,0.40588235294117647
1,0.9015544041450777,0.43333333333333335
1,0.9504132231404958,0.30392156862745096
1,0.9968701095461658,0.4647058823529412
1,0.010948905109489057,0.3352941176470588
1,0.9723991507430998,0.49215686274509807
1,0.938034188034188,0.29411764705882354
1,0.9912280701754386,0.2627450980392157
1,0.9951338199513382,0.33137254901960783
1,0.9211886304909561,0.34705882352941175
1,0.03688524590163935,0.24313725490196078
1,0.9403669724770642,0.5176470588235293
1,0.9932885906040269,0.31960784313725493
1,0.960127591706539,0.5784313725490197
1,0.9470134874759152,0.6137254901960785
1,0.9035087719298246,0.27647058823529413
1,0.9707602339181286,0.3352941176470588
1,0.023188405797101446,0.29215686274509806
1,0.9142857142857143,0.32156862745098036
1,0.9631490787269682,0.4725490196078432
1,0.9587020648967551,0.5294117647058824
1,0.006887052341597792,0.5215686274509804
1,0.012987012987012991,0.47058823529411764
1,0.9330065359477124,0.21176470588235294
1,0.9882246376811594,0.4980392156862745
1,0.013392857142857132,0.23529411764705882
1,0.9902912621359223,0.27647058823529413
1,0.9858757062146892,0.23529411764705882
1,0.9740740740740741,0.41372549019607846
1,0.9185823754789272,0.5254901960784314
1,0.9,0.37450980392156863
1,0.018518518518518528,0.34705882352941175
1,0.9935897435897436,0.3803921568627451
1,0.9596602972399151,0.5941176470588235
1,0.9857142857142858,0.31176470588235294
1,0.9302083333333333,0.5764705882352941
1,0.9392361111111112,0.5215686274509804
1,0.9296875,0.3921568627450981
1,0.0,0.5196078431372549
1,0.9488888888888889,0.4980392156862745
1,0.9215686274509803,0.2980392156862745
1,0.9461279461279462,0.5686274509803921
1,0.997093023255814,0.44705882352941173
1,0.955026455026455,0.5450980392156862
1,0.9410430839002267,0.37450980392156863
1,0.9444444444444444,0.5254901960784314
1,0.023529411764705892,0.4588235294117647
1,0.0263157894736842,0.49607843137254903
1,0.9920159680638723,0.37450980392156863
1,0.996996996996997,0.46862745098039216
1,0.9763313609467456,0.3705882352941176
1,0.9507246376811594,0.5137254901960784
1,0.9634146341463414,0.5431372549019607
1,0.9933333333333333,0.4470588235294118
1,0.9314285714285714,0.3901960784313725
1,0.9951388888888889,0.5254901960784314
1,0.9728260869565217,0.6
1,0.9741532976827094,0.5274509803921569
1,0.9447674418604651,0.4235294117647059
1,0.9157706093189965,0.4980392156862745
1,0.946236559139785,0.5627450980392157
1,0.001960784313725502,0.5686274509803921
1,0.9052453468697124,0.4450980392156863
1,0.9598214285714286,0.2274509803921569
1,0.9544573643410853,0.42745098039215684
1,0.02564102564102566,0.39215686274509803
1,0.9285714285714286,0.5294117647058824
1,0.9634146341463414,0.3156862745098039
1,0.048433048433048444,0.23333333333333334
1,0.9605734767025089,0.4392156862745098
1,0.9393939393939394,0.403921568627451
1,0.928698752228164,0.4411764705882353
1,0.9858156028368794,0.42549019607843136
1,0.953757225433526,0.46862745098039216
1,0.9909297052154196,0.6019607843137255
1,0.945054945054945,0.4823529411764706
1,0.9344262295081968,0.23921568627450981
1,0.002551020408163259,0.6
1,0.008888888888888854,0.18627450980392157
1,0.9553429027113238,0.5392156862745098
1,0.959349593495935,0.4392156862745098
1,0.9361979166666666,0.2823529411764706
1,0.9218390804597701,0.3313725490196079
1,0.9814814814814815,0.15098039215686276
1,0.920995670995671,0.4470588235294118
1,0.9853249475890985,0.40980392156862744
1,0.9290780141843972,0.4725490196078431
1,0.9540598290598291,0.4235294117647059
1,0.9468599033816425,0.3137254901960784
1,0.99812734082397,0.29215686274509806
1,0.9821802935010482,0.484313725490196
1,0.9648318042813455,0.2725490196078431
1,0.04098360655737706,0.5058823529411764
1,0.015625,0.5647058823529412
1,0.9526143790849673,0.5137254901960784
1,0.9330601092896175,0.2745098039215686
1,0.9397759103641457,0.5745098039215686
1,0.9952830188679246,0.21568627450980393
1,0.01362179487179486,0.4980392156862745
1,0.9348290598290598,0.44313725490196076
1,0.9232914923291492,0.5313725490196078
1,0.9753867791842475,0.503921568627451
1,0.9610705596107056,0.41372549019607846
1,0.8798449612403101,0.3431372549019608
1,0.9617486338797814,0.48823529411764705
1,0.03114478114478116,0.5058823529411764
1,0.8854166666666667,0.42352941176470593
1,0.8908045977011494,0.48235294117647054
1,0.8871906841339156,0.4647058823529412
1,0.9901380670611439,0.5156862745098039
1,0.9678510998307953,0.49607843137254903
1,0.009090909090909094,0.44313725490196076
1,0.9328165374677002,0.2529411764705882
1,0.03129548762736537,0.46078431372549017
1,0.021442495126705652,0.37450980392156863
1,0.9301397205588823,0.4803921568627451
1,0.9228723404255319,0.4745098039215686
1,0.9655172413793103,0.3176470588235294
1,0.9907801418439717,0.5352941176470588
1,0.9751602564102564,0.5176470588235295
1,0.971875,0.3254901960784313
1,0.9754273504273504,0.33725490196078434
1,0.9655448717948718,0.4745098039215686
1,0.9597378277153558,0.44705882352941173
1,0.0163690476190476,0.5254901960784314
1,0.9580777096114519,0.4215686274509804
1,0.030068728522336757,0.4627450980392157
1,0.935077519379845,0.36470588235294116
1,0.004504504504504496,0.3137254901960784
1,0.01815181518151815,0.45098039215686275
1,0.0,0.34901960784313724
1,0.9546247818499127,0.4882352941176471
1,0.995,0.5254901960784314
1,0.9479638009049773,0.44509803921568625
1,0.9235395189003437,0.5019607843137255
1,0.9677083333333334,0.5176470588235295
1,0.9718992248062015,0.584313725490196
1,0.9497716894977168,0.22549019607843138
1,0.9937888198757764,0.5235294117647059
1,0.9830917874396136,0.5137254901960784
1,0.04642857142857143,0.2823529411764706
1,0.9814814814814815,0.39607843137254906
1,0.9057971014492754,0.41568627450980394
1,0.007183908045976998,0.2901960784313726
1,0.9698795180722892,0.37450980392156863
1,0.025697503671071948,0.5
1,0.9032815198618307,0.38627450980392153
1,0.9479166666666666,0.5411764705882353
1,0.9730392156862745,0.4823529411764706
1,0.9644444444444444,0.596078431372549
1,0.9362962962962963,0.5352941176470588
1,0.978494623655914,0.5274509803921569
1,0.9159090909090909,0.4666666666666667
1,0.9844124700239808,0.4803921568627451
1,0.007042253521126751,0.5705882352941176
1,0.01809523809523809,0.45686274509803926
1,0.9920634920634921,0.5392156862745098
1,0.0023364485981308323,0.4196078431372549
1,0.9707112970711297,0.5274509803921569
1,0.9829931972789115,0.44313725490196076
1,0.9801223241590213,0.4980392156862745
1,0.01900584795321636,0.32941176470588235
1,0.9702380952380952,0.24705882352941178
1,0.9447852760736196,0.3509803921568627
1,0.9772256728778468,0.39803921568627454
1,0.9358178053830227,0.5666666666666667
1,0.8532338308457712,0.26666666666666666
1,0.9693333333333334,0.296078431372549
1,0.9182098765432098,0.4549019607843137
1,0.007726269315673291,0.3588235294117647
1,0.022544283413848638,0.5117647058823529
1,0.9331275720164609,0.40784313725490196
1,0.9881720430107527,0.6019607843137255
1,0.9897959183673469,0.2235294117647059
1,0.9720767888307156,0.5588235294117647
1,0.988391376451078,0.4450980392156863
1,0.9035947712418301,0.4196078431372549
1,0.8865740740740741,0.4
1,0.9848484848484849,0.4725490196078431
1,0.006903353057199209,0.35490196078431374
1,0.009146341463414623,0.5019607843137255
1,0.997093023255814,0.42745098039215684
1,0.9372937293729373,0.5411764705882353
1,0.918552036199095,0.48823529411764705
1,0.97953216374269,0.4725490196078431
1,0.963963963963964,0.2803921568627451
1,0.9655448717948718,0.4156862745098039
1,0.9558823529411765,0.5411764705882354
1,0.9602713178294574,0.611764705882353
1,0.9937888198757764,0.5588235294117647
1,0.9915611814345991,0.3411764705882353
1,0.9320175438596491,0.4313725490196078
1,0.9856512141280354,0.40196078431372545
1,0.9219001610305958,0.4490196078431372
1,0.9166666666666666,0.45098039215686275
1,0.9598603839441535,0.39803921568627454
1,0.9689265536723164,0.41568627450980394
1,0.018648018648018645,0.6529411764705882
1,0.9773809523809524,0.5647058823529412
1,0.9609929078014184,0.3549019607843137
1,0.9703891708967851,0.5666666666666667
1,0.011520737327188946,0.5235294117647059
1,0.972027972027972,0.3901960784313725
1,0.989501312335958,0.5901960784313726
1,0.9224422442244224,0.3941176470588235
1,0.906084656084656,0.2705882352941177
1,0.9072072072072072,0.36666666666666664
2,0.21491228070175442,0.4274509803921569
2,0.20461309523809526,0.5176470588235295
2,0.19858156028368792,0.7509803921568627
2,0.47470238095238093,0.22352941176470587
2,0.18539325842696627,0.3
2,0.21052631578947367,0.5784313725490196
2,0.3316062176165803,0.5705882352941176
2,0.42944038929440387,0.3784313725490196
2,0.47028423772609823,0.48039215686274506
2,0.22955974842767293,0.7196078431372549
2,0.31470588235294117,0.5019607843137255
2,0.3452380952380952,0.403921568627451
2,0.3433734939759036,0.6529411764705882
2,0.39247311827956993,0.3549019607843137
2,0.33826429980276135,0.6568627450980392
2,0.32945736434108525,0.6333333333333333
2,0.19084628670120898,0.4882352941176471
2,0.25821596244131456,0.7745098039215685
2,0.25614754098360654,0.5215686274509804
2,0.3986928104575163,0.5901960784313726
2,0.3795761078998073,0.5901960784313726
2,0.18489583333333334,0.39607843137254906
2,0.32342342342342345,0.42549019607843136
2,0.34339080459770116,0.39215686274509803
2,0.31343283582089554,0.22549019607843138
2,0.30913978494623656,0.4274509803921569
2,0.2636534839924671,0.6137254901960785
2,0.30386740331491713,0.48823529411764705
2,0.4326599326599327,0.6019607843137255
2,0.35138004246284504,0.6529411764705882
2,0.26760563380281693,0.49607843137254903
2,0.2217948717948718,0.27450980392156865
2,0.24122807017543857,0.8509803921568627
2,0.24774774774774774,0.40784313725490196
2,0.24817518248175183,0.31176470588235294
2,0.26904761904761904,0.21568627450980393
2,0.19503546099290778,0.5549019607843138
2,0.35619047619047617,0.6490196078431373
2,0.3474842767295598,0.3176470588235294
2,0.29807692307692313,0.5647058823529412
2,0.20409982174688057,0.6137254901960785
2,0.3125,0.592156862745098
2,0.1906130268199234,0.4549019607843137
2,0.23224043715846995,0.6823529411764706
2,0.2695035460992907,0.4529411764705882
2,0.3603174603174603,0.2372549019607843
2,0.3983739837398374,0.5607843137254902
2,0.18120805369127516,0.5666666666666667
2,0.18367346938775508,0.5431372549019609
2,0.3851132686084142,0.37843137254901965
2,0.4344729344729345,0.5823529411764706
2,0.4565217391304348,0.4294117647058824
2,0.24060150375939848,0.3392156862745098
2,0.3813131313131313,0.4549019607843137
2,0.28484848484848485,0.3176470588235294
2,0.3235294117647059,0.45294117647058824
2,0.31368267831149926,0.5470588235294118
2,0.27525252525252525,0.4823529411764706
2,0.4744525547445255,0.296078431372549
2,0.25915221579961467,0.37058823529411766
2,0.46875,0.4117647058823529
2,0.23728813559322037,0.6176470588235294
2,0.40454545454545454,0.7294117647058823
2,0.178743961352657,0.5549019607843138
2,0.1853741496598639,0.3803921568627451
2,0.2383720930232558,0.596078431372549
2,0.4194756554307116,0.3529411764705882
2,0.2632275132275132,0.592156862745098
2,0.4587155963302752,0.6450980392156862
2,0.3355263157894737,0.596078431372549
2,0.3212560386473429,0.6039215686274509
2,0.43621399176954734,0.5980392156862745
2,0.1875,0.41568627450980394
2,0.2875243664717349,0.5862745098039215
2,0.19175627240143367,0.45098039215686275
2,0.17344961240310078,0.45098039215686275
2,0.2916666666666667,0.1450980392156863
2,0.14148681055155876,0.32745098039215687
2,0.30854700854700856,0.5980392156862745
2,0.34929078014184395,0.3686274509803922
2,0.375,0.21176470588235297
2,0.3333333333333333,0.6607843137254902
2,0.46948356807511743,0.14705882352941174
2,0.30081300813008127,0.5764705882352942
2,0.4513888888888889,0.3176470588235294
2,0.17940552016985137,0.5274509803921569
2,0.2333333333333333,0.20980392156862746
2,0.14361702127659573,0.23137254901960785
2,0.22254901960784315,0.584313725490196
2,0.2353951890034364,0.403921568627451
2,0.18894830659536543,0.5509803921568628
2,0.40447154471544716,0.21568627450980393
2,0.27608142493638677,0.44901960784313727
2,0.271264367816092,0.6450980392156863
2,0.32589285714285715,0.2392156862745098
2,0.321236559139785,0.584313725490196
2,0.3653846153846154,0.1803921568627451
2,0.14476885644768858,0.42549019607843136
2,0.28502415458937197,0.49019607843137253
2,0.31490015360983103,0.5274509803921569
2,0.14583333333333334,0.40784313725490196
2,0.16666666666666666,0.1843137254901961
2,0.28333333333333327,0.18431372549019606
2,0.2117400419287212,0.6176470588235294
2,0.39810426540284355,0.48823529411764705
2,0.3821138211382114,0.2372549019607843
2,0.33932853717026384,0.6529411764705882
2,0.39798850574712646,0.5333333333333333
2,0.4405594405594406,0.4372549019607843
2,0.18622448979591835,0.396078431372549
2,0.3912037037037037,0.6941176470588235
2,0.19612794612794615,0.47450980392156866
2,0.4316939890710383,0.3196078431372549
2,0.27777777777777773,0.30196078431372547
2,0.4029680365296804,0.6274509803921569
2,0.2323943661971831,0.3529411764705882
2,0.3933054393305439,0.5235294117647059
2,0.28619528619528617,0.5254901960784314
2,0.2804597701149425,0.5588235294117647
2,0.43111111111111106,0.26862745098039215
2,0.3390804597701149,0.2372549019607843
2,0.24242424242424243,0.6411764705882352
2,0.4410774410774411,0.49019607843137253
2,0.4580419580419581,0.30000000000000004
2,0.3727858293075685,0.5705882352941176
2,0.31384015594541914,0.6215686274509804
2,0.28461538461538466,0.25686274509803925
2,0.3333333333333333,0.6980392156862745
2,0.4224537037037037,0.30980392156862746
2,0.30938697318007663,0.43137254901960786
2,0.33603238866396756,0.5
2,0.21323529411764705,0.5647058823529412
2,0.2807017543859649,0.6607843137254902
2,0.3178053830227743,0.5274509803921569
2,0.5185185185185185,0.26862745098039215
2,0.4259259259259259,0.2215686274509804
2,0.26266666666666666,0.5078431372549019
2,0.40534979423868317,0.45686274509803926
2,0.21985815602836878,0.19803921568627453
2,0.41712707182320446,0.5352941176470588
2,0.3565891472868217,0.37450980392156863
2,0.29824561403508776,0.4549019607843137
2,0.49074074074074064,0.5450980392156863
2,0.39795918367346933,0.46862745098039216
2,0.21461187214611877,0.5392156862745098
2,0.27918781725888325,0.5313725490196078
2,0.336283185840708,0.24901960784313726
2,0.27397260273972607,0.7274509803921569
2,0.32808398950131235,0.6803921568627451
2,0.2898550724637681,0.2647058823529412
2,0.36244979919678716,0.40784313725490196
2,0.21014492753623185,0.3686274509803921
2,0.4583333333333333,0.1568627450980392
2,0.3277777777777778,0.30980392156862746
2,0.19305555555555554,0.24705882352941178
2,0.3832271762208068,0.6568627450980392
2,0.28012048192771083,0.4470588235294118
2,0.34268707482993194,0.5450980392156863
2,0.39646464646464646,0.4117647058823529
2,0.425531914893617,0.33725490196078434
2,0.22721088435374148,0.5
2,0.375886524822695,0.49411764705882355
2,0.39908256880733944,0.3666666666666667
2,0.21527777777777776,0.6392156862745098
2,0.34393939393939393,0.615686274509804
2,0.45,0.2627450980392157
2,0.16367265469061873,0.4450980392156863
2,0.27678571428571425,0.6823529411764706
2,0.3075757575757576,0.6901960784313725
2,0.484375,0.22352941176470587
2,0.16666666666666666,0.4764705882352941
2,0.1786786786786787,0.36274509803921573
2,0.3952802359882006,0.5666666666666667
2,0.3393574297188755,0.49411764705882355
2,0.2788461538461538,0.18431372549019606
2,0.30081300813008127,0.46862745098039216
2,0.265993265993266,0.4529411764705883
2,0.3003992015968064,0.3588235294117647
2,0.33564814814814814,0.3921568627450981
2,0.33928571428571425,0.49019607843137253
2,0.30718954248366015,0.26666666666666666
2,0.3799019607843137,0.5607843137254902
2,0.261744966442953,0.5980392156862745
2,0.23035230352303526,0.5941176470588235
2,0.17808219178082188,0.6176470588235294
2,0.24561403508771926,0.6333333333333333
2,0.41235632183908044,0.2627450980392157
2,0.3333333333333333,0.5627450980392157
2,0.23943661971830985,0.6058823529411765
2,0.38617886178861793,0.596078431372549
2,0.3959899749373433,0.2607843137254902
2,0.29,0.6470588235294118
2,0.34210526315789475,0.40980392156862744
2,0.26217228464419473,0.5450980392156863
2,0.34242424242424246,0.6549019607843137
2,0.17195767195767195,0.4529411764705882
2,0.2822222222222222,0.515686274509804
2,0.2085889570552147,0.6647058823529411
2,0.371264367816092,0.4607843137254902
2,0.429951690821256,0.5352941176470588
2,0.456,0.38235294117647056
2,0.4259259259259259,0.5235294117647059
2,0.37878787878787873,0.12941176470588237
2,0.5193798449612403,0.20980392156862746
2,0.3412698412698412,0.6470588235294118
2,0.47327044025157233,0.20784313725490197
2,0.31527777777777777,0.30588235294117644
2,0.2323943661971831,0.5313725490196078
2,0.43253968253968256,0.3725490196078431
2,0.361598440545809,0.3431372549019608
2,0.2564102564102564,0.5274509803921569
2,0.5277777777777778,0.3529411764705882
2,0.4631782945736434,0.615686274509804
2,0.4699074074074074,0.6
2,0.301498127340824,0.7039215686274509
2,0.337092731829574,0.4176470588235294
2,0.19833333333333333,0.5686274509803921
2,0.20726495726495728,0.7450980392156863
2,0.3888888888888889,0.5137254901960784
2,0.23214285714285712,0.5882352941176471
2,0.22253258845437615,0.40980392156862744
2,0.2579365079365079,0.5607843137254902
2,0.42832469775474963,0.5745098039215686
2,0.4682539682539683,0.17254901960784313
2,0.2495636998254799,0.43333333333333335
2,0.4366666666666667,0.49019607843137253
2,0.2962962962962963,0.2
2,0.37222222222222223,0.5137254901960785
2,0.27908805031446543,0.4549019607843137
2,0.19871794871794876,0.43529411764705883
2,0.42476851851851855,0.5372549019607843
2,0.22522522522522523,0.5784313725490196
2,0.3882113821138211,0.4392156862745098
2,0.24041297935103242,0.696078431372549
2,0.25735294117647056,0.4627450980392157
2,0.5333333333333333,0.15098039215686276
2,0.33828382838283827,0.5588235294117647
2,0.3132045088566828,0.484313725490196
2,0.24825174825174826,0.3392156862745098
2,0.25700934579439255,0.44509803921568625
2,0.45743145743145747,0.5078431372549019
2,0.1769406392694064,0.2980392156862745
2,0.2426160337552743,0.33333333333333337
2,0.3333333333333333,0.7058823529411764
2,0.43333333333333335,0.32745098039215687
2,0.3333333333333333,0.492156862745098
2,0.4666666666666666,0.27647058823529413
2,0.453781512605042,0.4901960784313726
2,0.4026063100137174,0.4803921568627451
2,0.9386574074074074,0.5254901960784314
2,0.28421052631578947,0.28823529411764703
2,0.2456140350877193,0.29411764705882354
2,0.18888888888888888,0.3568627450980392
2,0.5120274914089347,0.31176470588235294
2,0.32752902155887226,0.5862745098039216
2,0.20289855072463778,0.5882352941176471
2,0.23529411764705888,0.8215686274509804
2,0.18599033816425123,0.32352941176470584
2,0.29107981220657275,0.5529411764705883
2,0.38383838383838387,0.26862745098039215
2,0.433993399339934,0.5313725490196078
2,0.3087431693989071,0.40588235294117647
2,0.42094017094017094,0.37254901960784315
2,0.3135964912280702,0.7647058823529411
2,0.31981981981981983,0.2529411764705882
2,0.4216417910447761,0.5372549019607844
2,0.24056603773584903,0.7490196078431373
2,0.4373015873015873,0.5137254901960785
2,0.2957957957957958,0.5450980392156862
2,0.496415770609319,0.27647058823529413
2,0.4065656565656566,0.24705882352941178
2,0.304054054054054,0.6588235294117647
2,0.40208333333333335,0.48235294117647054
2,0.34920634920634924,0.7411764705882353
2,0.33547008547008544,0.3333333333333333
2,0.39015151515151514,0.3058823529411765
2,0.2904761904761905,0.7686274509803921
2,0.22510822510822512,0.2725490196078431
2,0.2648809523809524,0.603921568627451
2,0.31619937694704053,0.2803921568627451
2,0.2875375375375375,0.5058823529411764
2,0.4836223506743738,0.3588235294117647
2,0.3445121951219512,0.5803921568627451
2,0.29842931937172773,0.484313725490196
2,0.4440389294403893,0.2882352941176471
2,0.31135531135531136,0.2647058823529412
2,0.24596182085168872,0.5549019607843138
2,0.46380952380952384,0.44509803921568625
2,0.44339622641509435,0.13529411764705884
2,0.4956521739130435,0.4294117647058824
2,0.43111111111111117,0.4215686274509804
2,0.1786786786786787,0.5274509803921569
2,0.25925925925925924,0.3784313725490196
2,0.3685185185185185,0.28627450980392155
2,0.20634920634920637,0.4666666666666667
2,0.2197916666666667,0.6431372549019608
2,0.39814814814814814,0.3607843137254902
2,0.33695652173913043,0.8274509803921568
2,0.3100775193798449,0.6235294117647059
2,0.2086720867208672,0.5705882352941176
2,0.2677902621722847,0.5
2,0.26068376068376065,0.18823529411764706
2,0.3196517412935323,0.5098039215686274
2,0.2158119658119658,0.7450980392156863
2,0.28009259259259256,0.2274509803921569
2,0.40031152647975077,0.5352941176470588
2,0.3943089430894309,0.7274509803921568
2,0.3157407407407407,0.5803921568627451
2,0.32375478927203066,0.6392156862745098
2,0.34150326797385616,0.5450980392156862
2,0.324561403508772,0.607843137254902
2,0.19140625,0.5333333333333333
2,0.40350877192982454,0.4666666666666667
2,0.3666666666666667,0.3627450980392157
2,0.3431899641577061,0.47058823529411764
2,0.24473684210526314,0.47058823529411764
2,0.3169734151329244,0.6411764705882353
2,0.3834296724470135,0.4411764705882353
2,0.21326164874551976,0.37058823529411766
2,0.21326164874551967,0.4411764705882353
2,0.2699115044247788,0.3509803921568627
2,0.2300995024875622,0.6588235294117647
2,0.23224043715846995,0.46862745098039216
2,0.3081761006289308,0.41372549019607846
2,0.42488262910798125,0.5784313725490196
2,0.2098393574297189,0.411764705882353
2,0.19076305220883535,0.7156862745098039
2,0.2010178117048346,0.3862745098039216
2,0.37367303609341823,0.5156862745098039
2,0.23379629629629628,0.4313725490196078
2,0.41919191919191917,0.44901960784313727
2,0.46279761904761907,0.3137254901960784
2,0.2435897435897436,0.5529411764705883
2,0.3623188405797102,0.6803921568627451
2,0.45675675675675675,0.46470588235294114
2,0.26851851851851855,0.34509803921568627
2,0.3139880952380953,0.5882352941176471
2,0.3054187192118227,0.5196078431372548
2,0.31034482758620685,0.4725490196078431
2,0.2640350877192983,0.6078431372549019
2,0.2298136645962733,0.5235294117647059
2,0.20855614973262035,0.5078431372549019
2,0.33557046979865773,0.5705882352941176
2,0.1897810218978102,0.34705882352941175
2,0.18965517241379315,0.3823529411764706
2,0.2564102564102564,0.39803921568627454
2,0.20659722222222218,0.3254901960784313
2,0.44642857142857145,0.4117647058823529
2,0.2932098765432099,0.396078431372549
2,0.2805555555555556,0.43137254901960786
2,0.32547993019197213,0.5823529411764706
2,0.40413943355119825,0.5588235294117647
2,0.4121510673234811,0.5196078431372548
2,0.392018779342723,0.6980392156862745
2,0.4250936329588015,0.5549019607843138
2,0.17838541666666666,0.3294117647058824
2,0.32716049382716056,0.4215686274509804
2,0.289426523297491,0.5764705882352941
2,0.20523415977961434,0.6490196078431372
2,0.3004115226337449,0.1823529411764706
2,0.32808398950131235,0.3549019607843137
2,0.23148148148148154,0.7176470588235294
2,0.22863247863247863,0.5607843137254902
2,0.3333333333333333,0.44705882352941173
2,0.3722741433021807,0.36666666666666664
2,0.37847222222222227,0.5294117647058824
2,0.38947368421052636,0.34705882352941175
2,0.43388429752066116,0.6176470588235294
2,0.35648148148148145,0.5333333333333333
2,0.4142857142857143,0.2901960784313725
2,0.22606382978723408,0.596078431372549
2,0.19744744744744747,0.4745098039215686
2,0.3063063063063063,0.5666666666666667
2,0.24300254452926215,0.707843137254902
2,0.29347826086956524,0.9019607843137255
2,0.29411764705882354,0.4882352941176471
2,0.3286163522012579,0.5058823529411764
2,0.1592592592592593,0.38235294117647056
2,0.1584967320261438,0.5568627450980392
2,0.16055045871559634,0.3
2,0.14043209876543208,0.5176470588235293
2,0.12179487179487176,0.5372549019607843
2,0.16249999999999995,0.42352941176470593
2,0.1487603305785124,0.26862745098039215
2,0.15755208333333334,0.33725490196078434
2,0.16493055555555555,0.403921568627451
2,0.13201320132013203,0.27647058823529413
2,0.30733944954128445,0.37450980392156863
2,0.4316939890710383,0.42156862745098034
2,0.47420634920634924,0.7254901960784313
2,0.3687943262411347,0.7019607843137254
2,0.39420289855072466,0.3
2,0.3973143759873618,0.4176470588235294
2,0.4946581196581197,0.403921568627451
2,0.25193798449612403,0.5784313725490196
2,0.24774774774774774,0.4274509803921569
2,0.3229166666666667,0.5019607843137255
2,0.3433835845896147,0.5745098039215686
2,0.18962075848303392,0.4294117647058823
2,0.25742574257425743,0.21372549019607842
3,0.20959595959595964,0.5725490196078431
3,0.4706439393939394,0.5098039215686274
3,0.17647058823529407,0.44509803921568625
3,0.10109289617486339,0.3549019607843137
3,0.5591133004926108,0.5588235294117647
3,0.2051282051282053,0.5901960784313726
3,0.08479532163742694,0.5862745098039215
3,0.8186274509803922,0.8
3,0.7123142250530785,0.3627450980392157
3,0.6077097505668935,0.4607843137254902
3,0.6149425287356322,0.3156862745098039
3,0.7693452380952381,0.3019607843137255
3,0.5768608414239482,0.48235294117647054
3,0.0909090909090909,0.5803921568627451
3,0.07178217821782178,0.5411764705882353
3,0.7416666666666667,0.09019607843137256
3,0.5213675213675213,0.5549019607843138
3,0.7644444444444445,0.15098039215686274
3,0.7079510703363914,0.7470588235294118
3,0.7681704260651628,0.44901960784313727
3,0.8625235404896422,0.45294117647058824
3,0.603578154425612,0.5117647058823529
3,0.14988009592326137,0.5745098039215686
3,0.031746031746031744,0.5294117647058824
3,0.7080679405520169,0.307843137254902
3,0.6036036036036037,0.4764705882352941
3,0.5238095238095237,0.30980392156862746
3,0.10483870967741936,0.7137254901960784
3,0.8314917127071824,0.5117647058823529
3,0.6517857142857143,0.3764705882352941
3,0.532258064516129,0.37254901960784315
3,0.8128205128205127,0.41764705882352937
3,0.8175542406311638,0.6176470588235294
3,0.9074074074074074,0.7274509803921569
3,0.12684365781710916,0.4490196078431372
3,0.050724637681159424,0.5274509803921569
3,0.8668981481481481,0.36078431372549025
3,0.4611111111111111,0.8745098039215686
3,0.628968253968254,0.2980392156862745
3,0.14743589743589744,0.20784313725490194
3,0.1511627906976744,0.396078431372549
3,0.6428571428571428,0.4235294117647059
3,0.5425170068027211,0.45882352941176474
3,0.5787037037037037,0.6
3,0.1074074074074074,0.49215686274509807
3,0.14339339339339338,0.5647058823529412
3,0.523916292974589,0.4529411764705882
3,0.19498381877022655,0.592156862745098
3,0.09631490787269681,0.6019607843137255
3,0.0034364261168384758,0.7392156862745098
3,0.5904558404558404,0.5098039215686274
3,0.9777777777777777,0.48039215686274506
3,0.8756613756613757,0.7784313725490196
3,0.10000000000000009,0.6980392156862745
3,0.1694915254237288,0.611764705882353
3,0.7060810810810811,0.607843137254902
3,0.8166666666666668,0.6352941176470588
3,0.13854166666666665,0.5215686274509804
3,0.755503144654088,0.45098039215686275
3,0.47821969696969696,0.611764705882353
3,0.7050653594771242,0.4823529411764706
3,0.107981220657277,0.492156862745098
3,0.0274914089347079,0.3941176470588236
3,0.48743718592964824,0.5078431372549019
3,0.7054794520547945,0.6509803921568628
3,0.044186046511627906,0.5196078431372549
3,0.047619047619047616,0.388235294117647
3,0.8582677165354331,0.45686274509803926
3,0.5321285140562249,0.5019607843137255
3,0.701058201058201,0.39215686274509803
3,0.8908045977011494,0.44901960784313727
3,0.7211382113821139,0.5313725490196078
3,0.6060606060606061,0.5411764705882354
3,0.8333333333333334,0.49019607843137253
3,0.03741496598639458,0.6549019607843137
3,0.8646288209606987,0.47647058823529415
3,0.47008547008547014,0.7372549019607844
3,0.4673366834170854,0.5627450980392157
3,0.04850746268656717,0.49019607843137253
3,0.5164728682170542,0.5176470588235293
3,0.4926253687315634,0.36274509803921573
3,0.6504329004329005,0.607843137254902
3,0.14614121510673236,0.4176470588235294
3,0.7254901960784313,0.2882352941176471
3,0.7906976744186047,0.5627450980392157
3,0.9007092198581561,0.6176470588235294
3,0.5484848484848485,0.4666666666666667
3,0.8779761904761905,0.5098039215686274
3,0.5922222222222223,0.592156862745098
3,0.6400304414003045,0.44901960784313727
3,0.8092105263157895,0.4666666666666667
3,0.9838709677419355,0.6803921568627451
3,0.5313390313390314,0.6215686274509804
3,0.8245614035087719,0.5372549019607843
3,0.7845911949685535,0.5725490196078431
3,0.0893470790378007,0.24901960784313726
3,0.8191056910569107,0.5647058823529412
3,0.44861111111111107,0.6392156862745098
3,0.9444444444444445,0.2019607843137255
3,0.34684684684684686,0.5274509803921569
3,0.05622489959839357,0.5901960784313726
3,0.4444444444444444,0.5529411764705883
3,0.5945626477541371,0.5980392156862745
3,0.68993993993994,0.4666666666666667
3,0.14625850340136057,0.4745098039215686
3,0.6995884773662552,0.6313725490196078
3,0.6784188034188033,0.3176470588235294
3,0.7583333333333333,0.6392156862745098
3,0.06906077348066297,0.4215686274509804
3,0.086734693877551,0.5019607843137255
3,0.12954545454545455,0.5411764705882353
3,0.7345679012345679,0.21568627450980393
3,0.8030303030303028,0.5901960784313726
3,0.6186440677966102,0.3137254901960784
3,0.5254901960784314,0.3862745098039216
3,0.7403314917127072,0.4372549019607843
3,0.9259259259259259,0.692156862745098
3,0.02156862745098037,0.7627450980392156
3,0.7377049180327869,0.7901960784313725
3,0.9102564102564102,0.580392156862745
3,0.1238095238095237,0.6058823529411765
3,0.01709401709401709,0.4509803921568627
3,0.09083728278041074,0.5549019607843138
3,0.6402298850574714,0.6098039215686275
3,0.7711864406779662,0.3666666666666667
3,0.8869047619047619,0.5333333333333333
3,0.48783977110157367,0.5117647058823529
3,0.8541666666666666,0.7647058823529411
3,0.5697674418604651,0.3529411764705882
3,0.6911764705882352,0.6274509803921569
3,0.9211886304909561,0.6411764705882353
3,0.556872037914692,0.49215686274509807
3,0.07692307692307676,0.5745098039215686
3,0.4677672955974843,0.5176470588235295
3,0.07386363636363637,0.6470588235294117
3,0.048611111111111126,0.5411764705882353
3,0.8166666666666668,0.14509803921568626
3,0.7128514056224899,0.5470588235294118
3,0.6518264840182648,0.3254901960784314
3,0.4794520547945205,0.6784313725490196
3,0.057017543859649134,0.40784313725490196
3,0.5954022988505746,0.6215686274509804
3,0.6369047619047619,0.17254901960784313
3,0.8530927835051546,0.5215686274509804
3,0.5302325581395348,0.4843137254901961
3,0.688500727802038,0.4725490196078431
3,0.0,0.48823529411764705
3,0.9766666666666667,0.5568627450980392
3,0.826241134751773,0.6019607843137255
3,0.35087719298245607,0.5941176470588235
3,0.7349397590361445,0.8176470588235294
3,0.4662698412698412,0.6470588235294118
3,0.6682539682539682,0.2411764705882353
3,0.6370967741935484,0.5647058823529412
3,0.7186666666666667,0.7196078431372549
3,0.5170068027210885,0.7529411764705882
3,0.6344827586206897,0.711764705882353
3,0.6068376068376069,0.4411764705882353
3,0.6061728395061728,0.5196078431372548
3,0.6636904761904763,0.6823529411764706
3,0.20050125313283207,0.7352941176470589
3,0.46090534979423875,0.7823529411764706
3,0.4421768707482993,0.3588235294117647
3,0.7261072261072261,0.6176470588235294
3,0.6420454545454546,0.3490196078431373
3,0.5674603174603176,0.20784313725490197
3,0.641732283464567,0.3392156862745098
3,0.6218236173393125,0.5549019607843138
3,0.5347222222222222,0.5254901960784314
3,0.3000000000000001,0.4764705882352941
3,0.5444444444444444,0.24117647058823527
3,0.4877450980392157,0.6823529411764706
3,0.22222222222222224,0.6450980392156862
3,0.11759729272419628,0.4843137254901961
3,0.780448717948718,0.5411764705882354
3,0.6254901960784314,0.692156862745098
3,0.1806526806526807,0.6450980392156863
3,0.5966183574879227,0.4313725490196078
3,0.5726950354609929,0.4156862745098039
3,0.6439393939393939,0.5882352941176471
3,0.19696969696969688,0.48039215686274506
3,0.8307017543859648,0.5333333333333333
3,0.7877492877492878,0.28431372549019607
3,0.6108007448789571,0.5078431372549019
3,0.6780303030303031,0.6392156862745098
3,0.07747747747747748,0.5627450980392157
3,0.4786821705426356,0.5686274509803921
3,0.8407960199004976,0.5725490196078431
3,0.8264462809917356,0.6803921568627451
3,0.7660642570281125,0.5215686274509804
3,0.7015503875968992,0.7529411764705882
3,0.989247311827957,0.4392156862745098
3,0.8893034825870647,0.7215686274509804
3,0.5444444444444444,0.6725490196078432
3,0.46969696969696967,0.8352941176470589
3,0.9933862433862434,0.6392156862745098
3,0.8395061728395062,0.5470588235294118
3,0.5610200364298725,0.37450980392156863
3,0.7308558558558559,0.6274509803921569
3,0.5803212851405622,0.18235294117647058
3,0.9971751412429378,0.6000000000000001
3,0.6776729559748428,0.26666666666666666
3,0.45555555555555555,0.28823529411764703
3,0.02724358974358974,0.7843137254901962
3,0.6296296296296297,0.5666666666666667
3,0.8985507246376812,0.8117647058823529
3,0.8569444444444444,0.4823529411764706
3,0.9508547008547009,0.5215686274509804
3,0.7265625,0.4509803921568627
3,0.5623781676413255,0.36666666666666664
3,0.46987951807228917,0.5313725490196078
3,0.12101910828025479,0.6764705882352942
3,0.4650655021834061,0.48823529411764705
3,0.8266666666666667,0.1411764705882353
3,0.7211740041928721,0.6294117647058823
3,0.607981220657277,0.6666666666666666
3,0.445273631840796,0.8058823529411765
3,0.04999999999999993,0.8823529411764706
3,0.5328746177370031,0.5529411764705883
3,0.7275641025641025,0.5254901960784314
3,0.8591954022988506,0.49019607843137253
3,0.5269058295964126,0.5196078431372549
3,0.15591397849462363,0.5901960784313726
3,0.9292929292929293,0.6509803921568628
3,0.8888888888888888,0.6372549019607843
3,0.8121212121212121,0.5019607843137255
3,0.6552845528455284,0.5941176470588235
3,0.8854166666666667,0.4901960784313726
3,0.13123359580052493,0.2803921568627451
3,0.8040816326530612,0.5
3,0.6787564766839379,0.4215686274509804
3,0.7155797101449276,0.3686274509803921
3,0.8830409356725146,0.5254901960784314
3,0.09780439121756486,0.45294117647058824
3,0.6508620689655172,0.5098039215686274
3,0.7231182795698925,0.49019607843137253
3,0.039337474120082816,0.5431372549019607
3,0.7912186379928315,0.6039215686274509
3,0.4874835309617918,0.503921568627451
3,0.022522522522522515,0.11568627450980393
3,0.7788461538461539,0.788235294117647
3,0.06547619047619047,0.47843137254901963
3,0.07187500000000001,0.6313725490196078
3,0.6704892966360857,0.5294117647058824
3,0.7351190476190476,0.7333333333333334
3,0.7923976608187134,0.5588235294117647
3,0.6499162479061976,0.5196078431372549
3,0.14492753623188412,0.3666666666666667
3,0.14347826086956522,0.24901960784313726
3,0.4919093851132686,0.503921568627451
3,0.08823529411764704,0.6803921568627451
3,0.044612794612794604,0.43529411764705883
3,0.8932980599647267,0.4215686274509804
3,0.10303030303030303,0.7647058823529411
3,0.12650602409638553,0.5647058823529412
3,0.08130081300813007,0.6137254901960785
3,0.13123359580052496,0.5627450980392157
3,0.5711500974658869,0.5078431372549019
3,0.6,0.4647058823529412
3,0.6598039215686274,0.44313725490196076
3,0.125,0.4549019607843138
3,0.8201970443349754,0.4764705882352941
3,0.8356009070294784,0.3509803921568627
3,0.5342679127725857,0.22941176470588234
3,0.48395061728395067,0.5588235294117647
3,0.16290726817042608,0.49607843137254903
3,0.5693333333333334,0.5117647058823529
3,0.4794238683127572,0.5686274509803921
3,0.8815513626834381,0.6450980392156863
3,0.48412698412698413,0.4666666666666667
3,0.8021978021978021,0.18627450980392157
3,0.1492537313432836,0.5901960784313726
3,0.7215053763440861,0.5470588235294117
3,0.5243055555555555,0.6196078431372549
3,0.6025039123630673,0.5549019607843138
3,0.8235704323570432,0.503921568627451
3,0.6178861788617885,0.5137254901960784
3,0.07744107744107746,0.44509803921568625
3,0.550314465408805,0.6411764705882352
3,0.7011494252873564,0.38431372549019605
3,0.625514403292181,0.7392156862745098
3,0.07333333333333332,0.2588235294117647
3,0.1504065040650406,0.4803921568627451
3,0.11576846307385229,0.41372549019607846
3,0.728125,0.45882352941176474
3,0.49792960662525876,0.39019607843137255
3,0.07070707070707068,0.7058823529411765
3,0.6774509803921568,0.584313725490196
3,0.9890710382513661,0.48039215686274506
3,0.5016181229773462,0.26862745098039215
3,0.8314814814814815,0.8156862745098039
3,0.7605633802816901,0.43137254901960786
3,0.5934959349593495,0.4490196078431372
3,0.6492063492063492,0.44313725490196076
3,0.1313131313131313,0.3431372549019608
3,0.07757296466973886,0.5078431372549019
3,0.5688073394495413,0.303921568627451
3,0.19047619047619038,0.5627450980392157
3,0.8632246376811594,0.5764705882352941
3,0.5972222222222222,0.807843137254902
3,0.09213250517598344,0.5862745098039216
3,0.5952380952380952,0.5196078431372548
3,0.8850574712643677,0.6843137254901961
3,0.5219298245614034,0.4392156862745098
3,0.6987951807228915,0.692156862745098
3,0.09367396593673966,0.5666666666666667
3,0.8575757575757575,0.7039215686274509
3,0.9411764705882353,0.18823529411764706
3,0.5400326797385621,0.43529411764705883
3,0.884514435695538,0.6725490196078431
3,0.6443850267379679,0.4215686274509804
3,0.7979002624671917,0.3901960784313725
3,0.45382395382395385,0.503921568627451
3,0.5410447761194029,0.27058823529411763
3,0.1522633744855967,0.6529411764705882
3,0.6084656084656085,0.5392156862745098
3,0.8704954954954955,0.4
3,0.7927350427350427,0.5294117647058824
3,0.5585808580858086,0.39999999999999997
3,0.7965116279069767,0.5372549019607843
3,0.125,0.3607843137254902
3,0.0,0.7568627450980392
3,0.14887640449438203,0.4823529411764706
3,0.8140350877192982,0.6568627450980392
3,0.6776556776556776,0.4823529411764706
3,0.8239700374531834,0.4862745098039216
3,0.6200828157349897,0.3941176470588236
3,0.5487421383647799,0.49019607843137253
3,0.7540792540792541,0.5117647058823529
3,0.06884057971014494,0.4980392156862745
3,0.7694704049844238,0.6568627450980392
3,0.764423076923077,0.584313725490196
3,0.7314814814814815,0.30980392156862746
3,0.9325842696629214,0.5784313725490196
3,0.6761904761904761,0.37450980392156863
3,0.05874316939890709,0.4196078431372549
3,0.6158854166666666,0.3294117647058824
3,0.45175438596491224,0.5450980392156863
3,0.7619047619047619,0.6686274509803921
3,0.5581140350877193,0.4980392156862745
3,0.11607142857142859,0.5450980392156862
3,0.5511111111111111,0.45294117647058824
3,0.6474358974358975,0.5411764705882353
3,0.1195286195286195,0.5509803921568628
3,0.10843373493975905,0.7235294117647059
3,0.05772811918063316,0.6019607843137255
3,0.9639175257731959,0.7980392156862746
3,0.8055555555555555,0.7647058823529411
3,0.15538847117794488,0.6450980392156863
3,0.6271929824561404,0.4274509803921569
3,0.7413793103448275,0.5078431372549019
3,0.7286324786324787,0.2549019607843137
3,0.4583333333333333,0.7333333333333334
3,0.7245762711864407,0.7137254901960784
3,0.7794117647058824,0.615686274509804
3,0.10330578512396693,0.47647058823529415
3,0.5292792792792792,0.37254901960784315
3,0.06910569105691056,0.6607843137254903
3,0.5362318840579711,0.39999999999999997
3,0.0994475138121547,0.4725490196078431
3,0.49102564102564106,0.43137254901960786
3,0.546875,0.611764705882353
3,0.09560723514211884,0.4529411764705883
3,0.7839195979899497,0.5666666666666667
3,0.7789115646258503,0.6803921568627451
3,0.12349397590361448,0.4980392156862745
3,0.5224358974358975,0.2431372549019608
3,0.7880952380952381,0.5215686274509804
3,0.6278538812785389,0.696078431372549
3,0.7531249999999999,0.37254901960784315
3,0.6511111111111111,0.7117647058823529
3,0.562015503875969,0.7823529411764706
3,0.1358974358974359,0.5372549019607843
3,0.5606060606060606,0.7235294117647059
3,0.04471544715447151,0.6137254901960785
3,0.6926147704590818,0.49607843137254903
3,0.08404558404558404,0.5333333333333333
3,0.5851851851851851,0.7470588235294118
3,0.08235294117647059,0.7156862745098039
3,0.7245614035087719,0.3901960784313725
3,0.8008849557522124,0.49607843137254903
3,0.07916666666666672,0.5607843137254902
3,0.6727493917274939,0.6450980392156862
3,0.8112244897959183,0.27450980392156865
3,0.5630630630630632,0.6980392156862745
3,0.08072916666666667,0.30980392156862746
3,0.8577494692144374,0.6254901960784314
3,0.07751937984496125,0.33725490196078434
3,0.8092592592592593,0.6196078431372549
3,0.8563685636856369,0.4803921568627451
3,0.9926253687315635,0.7745098039215687
3,0.7213930348258707,0.7901960784313725
3,0.8648293963254593,0.5784313725490196
3,0.541343669250646,0.48039215686274506
3,0.9627659574468085,0.4745098039215686
3,0.8242753623188405,0.6039215686274509
3,0.6067864271457086,0.49607843137254903
3,0.5544041450777203,0.4372549019607843
3,0.15306122448979595,0.696078431372549
3,0.5558766859344894,0.5274509803921569
